topic	docs	weight
0         	427       	0.00186   
1         	1032      	0.00727   
2         	1245      	0.00879   
3         	631       	0.00384   
4         	487       	0.00262   
5         	1160      	0.00818   
6         	497       	0.00268   
7         	653       	0.00376   
8         	778       	0.0048    
9         	672       	0.00405   
10        	705       	0.00422   
11        	1518      	0.01112   
12        	628       	0.00381   
13        	581       	0.00319   
14        	1407      	0.01033   
15        	555       	0.00308   
16        	455       	0.00209   
17        	492       	0.00262   
18        	533       	0.00316   
19        	350       	0.0013    
20        	1483      	0.01096   
21        	1493      	0.01092   
22        	585       	0.00347   
23        	779       	0.00492   
24        	488       	0.00224   
25        	824       	0.0053    
26        	680       	0.00407   
27        	421       	0.00204   
28        	671       	0.00395   
29        	563       	0.00283   
30        	413       	0.00197   
31        	323       	0.00115   
32        	596       	0.00336   
33        	463       	0.00215   
34        	373       	0.00179   
35        	961       	0.00631   
36        	379       	0.00153   
37        	634       	0.00369   
38        	585       	0.00335   
39        	697       	0.00438   
40        	574       	0.00324   
41        	971       	0.00624   
42        	447       	0.00231   
43        	899       	0.00596   
44        	459       	0.00222   
45        	346       	0.00126   
46        	807       	0.00526   
47        	752       	0.00466   
48        	485       	0.00253   
49        	463       	0.00206   
50        	709       	0.00435   
51        	831       	0.00536   
52        	492       	0.00263   
53        	446       	0.0021    
54        	573       	0.00335   
55        	389       	0.00166   
56        	464       	0.00234   
57        	359       	0.00138   
58        	432       	0.0021    
59        	688       	0.00419   
60        	832       	0.00549   
61        	409       	0.00176   
62        	569       	0.00309   
63        	897       	0.00604   
64        	757       	0.00466   
65        	439       	0.00191   
66        	416       	0.00195   
67        	673       	0.00404   
68        	531       	0.00293   
69        	1149      	0.008     
70        	333       	0.00142   
71        	666       	0.00391   
72        	738       	0.00463   
73        	747       	0.00475   
74        	2314      	0.01796   
75        	356       	0.0014    
76        	583       	0.00334   
77        	1940      	0.01482   
78        	658       	0.00378   
79        	828       	0.00529   
80        	447       	0.00201   
81        	2433      	0.0188    
82        	2925      	0.02316   
83        	422       	0.00186   
84        	367       	0.00161   
85        	593       	0.00308   
86        	1942      	0.01472   
87        	855       	0.00589   
88        	435       	0.00208   
89        	449       	0.00201   
